0.00300
0.00400
0.00500
0.00500
0.00800
0.00300
0.00600
0.00500
0.00600
0.00500
0.00600
0.00500
0.00500
0.00500
0.00500
0.00500
0.00500
0.00300
0.00300
0.00400
0.00300
0.00300
0.00400
0.00500
0.00300
0.00300
0.00400
0.00400
0.00200
0.00300
0.00400
0.00300
0.00300
0.00300
0.00400
0.00300
0.00300
0.00300
0.00400
0.00300
0.00300
0.00300
0.00300
0.00200
0.00300
0.00300
0.00300
0.00300
0.00300
0.00300
0.00300
0.00400
0.00500
0.00400
0.00600
0.00600
0.00500
0.00300
0.00400
0.00500
0.00900
0.00600
0.00400
0.00400
0.00400
0.00400
0.00500
0.00400
0.00400
0.00500
0.00400
0.00500
0.00500
0.00500
0.00400
0.00500
0.00500
0.00400
0.00500
0.00500
0.00400
0.00500
0.01000
0.00400
0.00700
0.00600
0.00300
0.00300
0.00300
0.00300
0.00300
0.00300
0.00400
0.00500
0.00600
0.00500
0.00600
0.00500
0.00400
0.00300
0.00300
0.00300
0.00300
0.00300
0.00400
0.00600
0.00500
0.00400
0.00300
0.00400
0.00400
0.00300
0.00300
0.00300
0.00300
0.00300
0.00300
0.00300
0.00400
0.00300
0.00300
